$ANSIBLE_VAULT;1.1;AES256
61653666376666386435666330623962663036353565383231313938656138353061626433613033
3436643639386330393239623931353532326532626463350a383863623738346633346365353436
38303861306465383764386630346637353938343865623232626139633261613361613464376631
6131393736386530620a373134663530636630336163623234316635666130653364386138303162
36346265336235306136343666336365323730643036613362616534396535303964373863303066
30643130633034383264306266393039313165396466363766393739303933313535383661326230
37626266653063396237313431633239653039633431623765323962643361336565613334316261
39616566303936346430346133313362306664396262663265303931623333386265356637323533
64663264356164396134656233656435386162643465393336613234303661303865666161613235
30363735343435323162616336393763363765316661336435393133346163616564663539373635
31303365366235616137373661333434366230636465333030393665343038323739656438383933
63383562306531373135623233373965313231353834323233313038376238653739316666386261
37343262663034316535666139616334393933326666393065313235353761326434303135663861
30643665323931393134653231646661636461376131623363616231396563303862303863613235
33656432313766656330386331643838313765323939393464373766333366653030303532636263
32336433316466376133363136306337383038656561633034303437643837356439346631323339
33663565633463306265343335653464336230316632363534393539353935653465373737616635
36373061373330373337663966336563333465626539383433353164313136316464313438656434
32326539336531386132346665303130376662393335623438326239333732366461373037313263
64663761343830623033666336613731333432396630336464666165316665343765376666643864
30343534636466323435383730376138626366386235323731353866306533646165363165333734
64316137383836636133646439353130333864353863616536666538653732633332663539653635
39383331346239343538306234306564343032323330643832313339366661633538333032356636
61336565363163363261363933356537393565336634383131663135393764633362333730353264
66313961663831346333393261643533393361386139663231353130616662373133353031316266
63663532366135383939383333393464643062353233386533313838646434313163633530396634
63353435313138393865303037636539333238656262636162303530323039663666663136376361
37343862626633613761363139343830363531386537643530356333623536313732333535613566
38363563346332616261616662626266616436383336303031653436366135383439633261336532
37613635396334663432373165643463386565663838353930313636653464346339633866393965
32376665346638636339393864653139313565313836663534343632633537666365393339653632
37313338383935656238656363336562343630306137326437363938333135613164653165346335
64373133653561663733386538383534666532396135663563353632363932336163363331623234
35306465333763343432303034666561636666313536313836623565613736613665353831353830
34623031633135643538333038323761383037323864306432633762316336653833653332656330
31383966613332653561363866363635313866623137336361343561626334653965386137613039
32363038336233383430393564383939306636383632623431666564356562323038626464363532
64333863323135643862373830303235396662323232663365346336646431393238353530623530
30393831313838356434333566633238376661626138346235353636626661393564326666663033
61323933306463306331663337393237623331326331313937613730333361376166363161656332
37353336383836353738323032326435616131383438636333623630316131663964313634343537
31366633353538656266366562646261653332336439363130376535303630643135613834336434
37353239373665623837353436366335306537336335636338363566323662363262666566353334
65306336326265363065623235663266306630623337633532353664383764313061653665383039
38646634303561343561643931613164633830393430343233386562636166363839613266653761
32623332333032396630373438643439386134616632323566393564623136326562346432623432
61346432353661326166396435316462633538646163306539666165333564643530373237376335
64616334356461643039323263306331613862386530366233626464363564633631326139333933
33313861356238333031306162356665366432313062323033373234393634363263393734313636
63353730623861333561336331306561356236323661386337313165633064623536373666633863
37326539653232366365366661363663393630386237626162366632653464363266616564383466
37653464373764333932663734353963306464393466346235383932666536343636333366616533
61626264323135373965303031633061376462303538316335336638643539396334656536646662
35393131323436396266393231633034313931313239396439643564313039363739306133616339
31383862373832613561633163623632333632336665316638303465666465626561633865613436
36326636393763313338383838346565613564643165626266363737646162656635333933393530
66656265653664623034373263356633363534363633376230343339383065626436326239336233
39626663363233616533313862366262353833643566313466313434386338323730613237326561
33346137396633383135653332313230396566656164633939636261353863653266666230373862
31396538376462383830666265646163326530363162383939383765653638626233336435363039
31356166373466636464366530313239383732353439646433656634313061313232393239326234
65336163386632633832303938656162323133306436646136323866346363623137363764356230
36336663613930346235623931373939356635333031646564633630356633303866363537653737
31666330333735313737313566653433303031373933316538643236383963336435316431313632
35626262636664393561353030646334393634646364623238623637316330626239666665653862
39366164313761663861353639623336396362346164313564356662393166306162646532623434
37373461303936323133633363346236643933643130653837383930633632306635363365636330
30383136396631396130333934343838356638343661396363386133636636333735623436323332
64653664386530333531656664356135313232343131663933666234336562616166623633646438
63343262623161373861636131666662386665383635646364313933386466613435633865643230
65643430323831373433616564366662303461393737646466373665303337356433643636626532
32643038386530386134653161336638663261383830316431313635663833336530643430353633
66626333323932376630636338626462303030616366353462356538646163353130393130303665
36313932313030316137363233323332633365303330646264386339363331626238626637336134
30316266316433313063323465316664636562323039363232386163393330393631646133393030
62373137623030383731386636343535306439336130333233613239656132376331343236396463
64373462303239626430303139353836656161623264353865326633613539333937363466313030
62343035353032373662396535313734323664376138623565613036343639393965333463343133
64303137646636653765353462366664386362366238373837313933393163663330636162616365
62333134656138633961323264623339633463373738636164326466373861666437636564613464
33626232323763323134356164316432396530633136303337613631643230323739343362363161
61386231343366313436336332306264653466636437393532653564623864333537663134646662
65383065616566383562643137356539326330333739653337386264303431616264353464613965
39346465623730316133326638623637626239373039326565323530646163366533323236313135
62643732373463316335323133386331653832316434626365653161326630613639356537393736
31663137373065666230313563366439353938656433303063636437663131613862643338663137
39316337613137643437336231326564613737386366366535663665613538626261646637616632
37653632643131373738623063613134376161386437383135376464343639313739663336623165
61653032333163343333316362313630373865636139646262623263333865663364333738313135
33316464303239343730323663326437663663633738383261393564363635356534633631663366
31376466306331616336306438356265613764376636323263326331613539313833646265343665
61383036393033393839646338373635343665323862616430643131346539383538356334633639
62653566356432643635316531613430353634353830303338613636303636363437646232373766
35366463613961356638323266356438333963626166323531653634623538376530336263353436
62633838376538373961653136643966313462653163306632616264616432613735356662663631
32653862663564343263393964633834653336316435303062666432396436353930643265306561
61356265363862653065646364303466306334646566356564346339333832626230313961636265
34303936643037353234396437316332643934623561393033383162306562663635303137383432
31616535663935626434346430333666313432356233303230313230396234326230323135346662
64666664633563653663333361636139356634333839646663376663623935323334633439366166
33393836396630656131303536323935663037613733383866636266303432303662633539373632
34363831613865363063313831393139353638666537323761633738663038316461616330343635
39363932333930326134386165313933373834633064326331323839356433623566353937383462
39643530383730383337343961386464336632303035363431626531646232383834653930373330
66633666323232306139383862643434306662343433316239393736623965656430353937663435
64346563613136306138633261383333613632653463643239386130366464343666346261386566
64376663646364356435646136663165396261666439333861306139343166663632356230666362
61393537313836666338623533626461616464653766343930666531333632663235323062326665
30343335306430323131383461356265633437663037653961353562333235643466373261613338
61626537623131663362653762313235303862396635343431353364396662643831333431326236
64323865363036636230396635343565653736313230316132353131373666643863366239373634
34343433346361666264643265336262653864343766366139383766353631633237346138313939
37316331333266333863383035636134633838626137313239373465343465633666396161306166
36356230623233313136653531366537616562336364333334343234326465373232393836656434
30643436636166366234376634313262356362626235356663373831353431303137356334663835
38306132336638626338626236633936336431313532356131656161643963653165383137616664
66363832356362366533646238663632393335663138303133386432386364623931343261343431
34316333396439616133323363633539356435363066376439353666313365303932373330633066
39646363393636343662326361623139633433346534393633386436646235643433386139636364
30343061383165306266323435333964333436393362306434363738656463313464333136396164
61633464646266343836653137343962383335366364363837356464663438306135306436656365
61346333633836643665623163383064356337313335643266626535303536633362326636376231
66363637633161323465356535323734373630353066653666356561373436383938623536383432
35663465303339363261313265346530643862613336313937306364323832306263386534636237
36356266353731663963663037313633313532613335623135336630346333356132303739303833
39343034376336346236643639646562323865373934333637376266623666626436643337623661
63303033353139376630663136643830353034373938336636386438393135616565323032303164
63386638323262623737663034313863313863373432333535343532383430363834306638366564
39656461643630613331656562313036646535656339646536656130373630333134393633303934
33356539316235336336626330653861306233383637303536653265306134383965373565366232
39386534306365663337626563373238623262323737656433373263306461336637623762386132
65303763303538366532353066396638333264633661393231303930346664333262633233613034
64326638653662643836616633393561343337333139343736633531343530326365326638633030
37336433386239396633353564393730313736343334643536303838353166636264333238613134
333733386235636234616163623566633431
